1 259 290
2 783 304
3 783 437
4 310 291
5 377 391
6 223 63
7 306 229
8 628 61
9 822 224
10 896 154
11 751 197
12 910 442
13 511 218
14 954 129
15 586 209
16 100 50
17 180 65
18 667 439
19 463 391
20 785 291
21 710 232
22 601 454
23 812 299
24 159 304
25 143 80
26 843 200
27 517 380
28 854 221
29 350 200
30 613 247
31 615 413
32 403 221
33 884 122
34 224 446
35 405 254
36 166 341
37 556 46
38 672 365
39 866 253
40 649 142
41 662 396
42 588 310
43 535 262
44 753 116
45 924 308
46 101 40
47 324 213
48 166 143
49 867 75
50 423 459
